treatment	block	field	parc	date	DM_kgTS/ha	pct_N	pct_grass	pct_clover	grassDM	cloverDM	grassN	cloverN	
4	1	IND	10	06-06-2006	4552	2.00	94.20	5.80	4.288	0.264	85.679	5.277	
4	1	IND	12	06-06-2006	5766	1.50	98.56	1.44	5.683	0.083	85.102	1.241	
4	1	IND	10	12-07-2006	2610	2.80	74.37	25.63	1.941	0.669	54.376	18.741	
4	1	IND	12	12-07-2006	2478	2.73	84.10	15.90	2.084	0.394	56.929	10.766	
4	1	IND	10	23-08-2006	2011	3.04	50.82	49.18	1.022	0.989	31.015	30.010	
4	1	IND	12	23-08-2006	1930	3.19	52.72	47.28	1.018	0.913	32.413	29.067	
4	1	IND	10	11-10-2006	1483	3.86	59.49	40.51	0.882	0.601	34.055	23.194	
4	1	IND	12	11-10-2006	1541	3.57	58.50	41.50	0.902	0.640	32.216	22.853	
4	1	IND	10	24-05-2007	3774	2.70	58.32	41.68	2.201	1.573	59.426	42.475	
4	1	IND	12	24-05-2007	4207	2.41	59.06	40.94	2.484	1.722	59.820	41.469	
4	1	IND	10	03-07-2007	3492	3.16	65.43	34.57	2.284	1.207	72.098	38.097	
4	1	IND	12	03-07-2007	3396	3.07	52.22	47.78	1.773	1.623	54.458	49.829	
4	1	IND	10	07-08-2007	3095	3.02	53.97	46.03	1.671	1.425	50.476	43.042	
4	1	IND	12	07-08-2007	3088	2.93	51.53	48.47	1.591	1.497	46.656	43.878	
4	1	IND	10	16-10-2007	1885	2.91	70.30	26.96	1.325	0.508	38.555	14.787	
4	1	IND	12	16-10-2007	1753	3.43	73.81	23.95	1.294	0.420	44.330	14.386	
4	1	IND	10	27-05-2008	5984	1.90	94.91	5.09	5.679	0.304	108.075	5.793	
4	1	IND	12	27-05-2008	6110	1.78	97.27	2.73	5.943	0.167	105.663	2.960	
4	1	IND	10	08-07-2008	3907	2.16	95.45	4.55	3.729	0.178	80.387	3.831	
4	1	IND	12	08-07-2008	3058	2.27	91.20	8.80	2.789	0.269	63.231	6.101	
4	1	IND	10	19-08-2008	1920	2.64	76.42	22.61	1.467	0.434	38.778	11.473	
4	1	IND	12	19-08-2008	1967	3.36	72.76	19.99	1.431	0.393	48.086	13.212	
4	1	IND	10	14-10-2008	1299	2.87	88.38	8.65	1.148	0.112	32.907	3.222	
4	1	IND	12	14-10-2008	1675	3.17	68.17	20.51	1.142	0.344	36.208	10.896	
4	1	IND	10	19-05-2009	5222	1.62	91.78	2.54	4.792	0.133	77.643	2.152	
4	1	IND	12	19-05-2009	5257	1.83	77.95	12.12	4.098	0.637	75.189	11.687	
4	1	IND	10	06-07-2009	2918	2.13	80.83	11.86	2.359	0.346	50.129	7.355	
4	1	IND	12	06-07-2009	3066	2.27	64.97	28.39	1.992	0.870	45.237	19.764	
4	1	IND	10	14-08-2009	1504	2.80	60.04	21.39	0.903	0.322	25.283	9.006	
4	1	IND	12	14-08-2009	1958	2.71	28.92	30.16	0.566	0.590	15.339	15.994	
4	1	IND	10	21-10-2009	1198	3.09	69.83	12.68	0.837	0.152	25.826	4.690	
4	1	IND	12	21-10-2009	1171	3.27	35.31	28.57	0.414	0.335	13.515	10.935	
5	1	IND	10	06-06-2006	2939	1.48	80.50	19.50	2.366	0.573	34.931	8.462	
5	1	IND	12	06-06-2006	4008	1.48	87.15	12.85	3.493	0.515	51.764	7.634	
5	1	IND	10	12-07-2006	2714	2.82	31.41	68.59	0.852	1.862	24.004	52.424	
5	1	IND	12	12-07-2006	2653	2.86	41.78	58.22	1.108	1.544	31.708	44.179	
5	1	IND	10	23-08-2006	2173	3.56	26.54	73.46	0.577	1.597	20.529	56.830	
5	1	IND	12	23-08-2006	2313	3.35	31.06	68.94	0.718	1.595	24.068	53.423	
5	1	IND	10	11-10-2006	1349	4.15	39.90	60.10	0.538	0.811	22.359	33.674	
5	1	IND	12	11-10-2006	1564	3.51	50.21	49.79	0.785	0.778	27.522	27.288	
5	1	IND	10	24-05-2007	3542	3.15	48.59	51.41	1.721	1.821	54.267	57.407	
5	1	IND	12	24-05-2007	3527	3.06	53.07	46.93	1.872	1.655	57.221	50.602	
5	1	IND	10	03-07-2007	2880	3.03	37.79	62.21	1.088	1.792	32.964	54.274	
5	1	IND	12	03-07-2007	3320	2.89	42.18	57.82	1.400	1.920	40.532	55.557	
5	1	IND	10	07-08-2007	2800	3.35	44.46	55.54	1.245	1.555	41.692	52.087	
5	1	IND	12	07-08-2007	2945	3.27	38.13	61.87	1.123	1.822	36.666	59.500	
5	1	IND	10	16-10-2007	1566	3.12	79.75	20.25	1.249	0.317	39.014	9.907	
5	1	IND	12	16-10-2007	1691	3.09	74.96	25.04	1.267	0.423	39.157	13.080	
5	1	IND	10	27-05-2008	4573	1.37	95.97	4.03	4.389	0.184	59.955	2.520	
5	1	IND	12	27-05-2008	5708	1.38	93.47	6.53	5.335	0.373	73.498	5.136	
5	1	IND	10	08-07-2008	2140	2.18	69.96	30.04	1.497	0.643	32.682	14.033	
5	1	IND	12	08-07-2008	2338	2.18	66.86	33.14	1.563	0.775	34.114	16.911	
5	1	IND	10	19-08-2008	1825	3.33	51.04	48.68	0.931	0.888	31.014	29.583	
5	1	IND	12	19-08-2008	2090	3.23	48.66	51.34	1.017	1.073	32.817	34.625	
5	1	IND	10	14-10-2008	1250	3.33	68.16	29.95	0.852	0.374	28.395	12.476	
5	1	IND	12	14-10-2008	1721	3.57	62.72	35.64	1.079	0.613	38.491	21.873	
5	1	IND	10	19-05-2009	3200	1.79	81.08	17.66	2.595	0.565	46.372	10.098	
5	1	IND	12	19-05-2009	3943	2.27	66.47	31.76	2.621	1.252	59.444	28.402	
5	1	IND	10	06-07-2009	2646	2.40	43.86	53.32	1.160	1.411	27.810	33.813	
5	1	IND	12	06-07-2009	2985	2.49	40.70	57.92	1.215	1.729	30.207	42.992	
5	1	IND	10	14-08-2009	2074	3.19	43.11	54.50	0.894	1.130	28.502	36.029	
5	1	IND	12	14-08-2009	2092	3.65	33.47	56.67	0.700	1.185	25.530	43.228	
5	1	IND	10	21-10-2009	1238	3.23	61.10	33.80	0.756	0.418	24.458	13.531	
5	1	IND	12	21-10-2009	1358	3.31	60.54	34.67	0.822	0.471	27.248	15.606	
4	1	UD	5	06-06-2006	4145	1.77	93.68	6.32	3.883	0.262	68.899	4.647	
4	1	UD	16	06-06-2006	4944	1.43	72.60	27.40	3.589	1.355	51.274	19.354	
4	1	UD	5	12-07-2006	2484	2.64	73.27	26.73	1.820	0.664	48.019	17.520	
4	1	UD	16	12-07-2006	2679	2.35	71.57	28.43	1.917	0.762	45.117	17.921	
4	1	UD	5	23-08-2006	1659	3.14	49.34	50.66	0.818	0.840	25.663	26.347	
4	1	UD	16	23-08-2006	1842	3.16	52.94	47.06	0.975	0.867	30.816	27.389	
4	1	UD	5	11-10-2006	1660	3.67	56.60	43.40	0.939	0.720	34.426	26.402	
4	1	UD	16	11-10-2006	1578	3.52	72.15	27.85	1.138	0.439	40.103	15.481	
4	1	UD	5	24-05-2007	3596	2.94	55.74	44.26	2.004	1.592	58.924	46.791	
4	1	UD	16	24-05-2007	3656	2.53	72.29	27.71	2.643	1.013	66.830	25.622	
4	1	UD	5	03-07-2007	3476	3.18	58.24	41.76	2.024	1.452	64.467	46.225	
4	1	UD	16	03-07-2007	3703	2.69	70.01	29.99	2.593	1.110	69.700	29.855	
4	1	UD	5	07-08-2007	3139	3.05	59.19	40.81	1.858	1.281	56.722	39.105	
4	1	UD	16	07-08-2007	2632	2.92	54.13	45.87	1.425	1.207	41.667	35.306	
4	1	UD	5	16-10-2007	1757	3.36	75.41	24.59	1.325	0.432	44.551	14.525	
4	1	UD	16	16-10-2007	1545	3.20	75.33	23.17	1.164	0.358	37.247	11.456	
5	1	UD	5	06-06-2006	2847	2.16	77.90	22.10	2.218	0.629	47.827	13.566	
5	1	UD	16	06-06-2006	2493	2.21	92.79	7.21	2.313	0.180	51.133	3.975	
5	1	UD	5	12-07-2006	2958	3.13	26.78	73.22	0.792	2.166	24.809	67.837	
5	1	UD	16	12-07-2006	2712	3.07	40.58	59.42	1.100	1.611	33.787	49.477	
5	1	UD	5	23-08-2006	2301	3.61	21.74	78.26	0.500	1.800	18.059	65.004	
5	1	UD	16	23-08-2006	2012	3.48	31.99	68.01	0.644	1.368	22.425	47.665	
5	1	UD	5	11-10-2006	1263	4.03	50.87	49.13	0.643	0.621	25.887	25.002	
5	1	UD	16	11-10-2006	1357	3.91	56.44	43.56	0.766	0.591	29.982	23.139	
5	1	UD	5	24-05-2007	3175	3.11	45.19	54.81	1.435	1.740	44.641	54.145	
5	1	UD	16	24-05-2007	3175	2.69	60.12	39.88	1.909	1.266	51.428	34.114	
5	1	UD	5	03-07-2007	3243	3.06	36.38	63.62	1.180	2.064	36.052	63.053	
5	1	UD	16	03-07-2007	3015	2.78	52.29	47.71	1.577	1.439	43.770	39.933	
5	1	UD	5	07-08-2007	2729	3.21	41.49	58.51	1.132	1.597	36.331	51.245	
5	1	UD	16	07-08-2007	2332	3.25	44.08	55.92	1.028	1.304	33.384	42.346	
5	1	UD	5	16-10-2007	1388	3.26	71.86	28.14	0.997	0.391	32.490	12.722	
5	1	UD	16	16-10-2007	1361	3.25	75.88	24.12	1.033	0.328	33.616	10.685	
4	2	IND	23	24-05-2007	4899	2.02	86.06	13.04	4.216	0.639	85.151	12.906	
4	2	IND	30	24-05-2007	5545	1.91	72.16	27.28	4.001	1.513	76.330	28.856	
4	2	IND	23	03-07-2007	3184	3.01	78.19	21.81	2.490	0.694	74.971	20.912	
4	2	IND	30	03-07-2007	4322	2.59	68.77	31.23	2.972	1.350	76.973	34.961	
4	2	IND	23	14-08-2007	3216	3.06	26.11	72.96	0.840	2.346	25.704	71.817	
4	2	IND	30	14-08-2007	3568	3.34	22.72	76.57	0.811	2.732	27.109	91.357	
4	2	IND	23	16-10-2007	1430	3.47	55.33	44.67	0.791	0.639	27.447	22.155	
4	2	IND	30	16-10-2007	1468	3.61	56.38	43.62	0.828	0.640	29.895	23.127	
4	2	IND	23	26-05-2008	5628	2.45	63.79	36.21	3.590	2.038	88.125	50.033	
4	2	IND	30	26-05-2008	5893	2.52	68.94	31.06	4.063	1.831	102.581	46.220	
4	2	IND	23	08-07-2008	3877	3.28	54.96	45.04	2.131	1.746	69.933	57.305	
4	2	IND	30	08-07-2008	3890	3.17	65.86	34.14	2.562	1.328	81.317	42.150	
4	2	IND	23	21-08-2008	2960	3.63	36.46	61.73	1.079	1.827	39.145	66.268	
4	2	IND	30	21-08-2008	2859	3.72	23.01	76.16	0.658	2.177	24.507	81.099	
4	2	IND	23	14-10-2008	1605	3.83	68.67	27.84	1.102	0.447	42.244	17.123	
4	2	IND	30	14-10-2008	1630	4.02	58.06	39.02	0.946	0.636	38.006	25.547	
4	2	IND	23	26-05-2009	5398	2.21	74.80	20.37	4.038	1.100	89.165	24.283	
4	2	IND	30	26-05-2009	5333	2.35	71.71	26.06	3.824	1.390	90.022	32.722	
4	2	IND	23	06-07-2009	3464	2.81	55.16	44.07	1.911	1.527	53.745	42.936	
4	2	IND	30	06-07-2009	3753	2.74	50.07	48.51	1.879	1.821	51.480	49.878	
4	2	IND	23	20-08-2009	2340	3.42	25.66	69.32	0.600	1.622	20.513	55.424	
4	2	IND	30	20-08-2009	1951	3.71	36.68	59.19	0.716	1.155	26.534	42.816	
4	2	IND	23	20-10-2009	1254	3.50	75.24	24.15	0.943	0.303	33.019	10.601	
4	2	IND	30	20-10-2009	1534	3.33	69.38	26.61	1.064	0.408	35.477	13.610	
4	2	IND	23	08-06-2010	4633	NA	86.37	11.23	4.001	0.520	NA	NA	
4	2	IND	30	08-06-2010	4655	NA	68.28	23.85	3.179	1.110	NA	NA	
4	2	IND	23	14-07-2010	2519	NA	63.04	30.89	1.588	0.778	NA	NA	
4	2	IND	30	14-07-2010	2241	NA	65.03	27.97	1.457	0.627	NA	NA	
4	2	IND	23	26-08-2010	2374	NA	45.80	29.81	1.087	0.707	NA	NA	
4	2	IND	30	26-08-2010	2229	NA	38.65	40.88	0.862	0.911	NA	NA	
4	2	IND	23	12-10-2010	876	NA	54.51	34.88	0.478	0.306	NA	NA	
4	2	IND	30	12-10-2010	835	NA	52.10	32.09	0.435	0.268	NA	NA	
5	2	IND	23	24-05-2007	4362	1.74	66.12	32.01	2.884	1.396	50.258	24.331	
5	2	IND	30	24-05-2007	5088	2.24	62.81	35.46	3.195	1.804	71.551	40.398	
5	2	IND	23	03-07-2007	2883	2.61	39.42	60.58	1.137	1.746	29.643	45.545	
5	2	IND	30	03-07-2007	3304	2.70	31.51	68.49	1.041	2.263	28.101	61.083	
5	2	IND	23	14-08-2007	3942	3.20	17.16	82.84	0.676	3.266	21.662	104.609	
5	2	IND	30	14-08-2007	3581	3.34	13.25	86.75	0.475	3.106	15.850	103.751	
5	2	IND	23	16-10-2007	1026	3.84	41.73	58.27	0.428	0.598	16.443	22.960	
5	2	IND	30	16-10-2007	1132	3.82	44.20	55.80	0.500	0.632	19.124	24.147	
5	2	IND	23	26-05-2008	5476	2.69	46.77	53.14	2.561	2.910	68.940	78.334	
5	2	IND	30	26-05-2008	5122	2.60	57.24	42.54	2.932	2.179	76.198	56.630	
5	2	IND	23	08-07-2008	3883	3.34	14.72	85.28	0.572	3.311	19.090	110.583	
5	2	IND	30	08-07-2008	3830	3.22	28.05	71.95	1.074	2.756	34.647	88.857	
5	2	IND	23	21-08-2008	2925	3.62	17.57	80.55	0.514	2.356	18.617	85.346	
5	2	IND	30	21-08-2008	2872	3.63	26.83	72.83	0.771	2.092	27.992	75.977	
5	2	IND	23	14-10-2008	1466	3.80	51.20	47.41	0.751	0.695	28.488	26.376	
5	2	IND	30	14-10-2008	1661	3.64	63.79	36.01	1.060	0.598	38.553	21.762	
5	2	IND	23	26-05-2009	4038	2.49	42.53	55.91	1.717	2.258	42.757	56.205	
5	2	IND	30	26-05-2009	3964	2.35	73.08	23.58	2.897	0.935	68.193	22.001	
5	2	IND	23	06-07-2009	3422	2.88	28.68	70.48	0.981	2.412	28.218	69.338	
5	2	IND	30	06-07-2009	2870	2.79	37.09	62.48	1.064	1.793	29.711	50.056	
5	2	IND	23	20-08-2009	2265	3.35	28.74	64.58	0.651	1.463	21.827	49.058	
5	2	IND	30	20-08-2009	1379	3.86	31.24	68.76	0.431	0.948	16.645	36.631	
5	2	IND	23	20-10-2009	1178	3.16	70.00	27.54	0.825	0.325	26.036	10.244	
5	2	IND	30	20-10-2009	1443	3.15	73.71	23.28	1.064	0.336	33.465	10.571	
5	2	IND	23	08-06-2010	3958	NA	63.72	30.68	2.522	1.214	NA	NA	
5	2	IND	30	08-06-2010	3819	NA	72.24	24.24	2.759	0.926	NA	NA	
5	2	IND	23	14-07-2010	1980	NA	40.59	56.45	0.804	1.118	NA	NA	
5	2	IND	30	14-07-2010	2213	NA	43.06	55.75	0.953	1.234	NA	NA	
5	2	IND	23	26-08-2010	2066	NA	38.23	56.61	0.790	1.170	NA	NA	
5	2	IND	30	26-08-2010	2014	NA	49.82	48.33	1.003	0.973	NA	NA	
5	2	IND	23	12-10-2010	836	NA	54.23	41.23	0.453	0.345	NA	NA	
5	2	IND	30	12-10-2010	1005	NA	56.34	42.55	0.566	0.428	NA	NA	
4	2	UD	18	24-05-2007	4935	1.67	88.04	11.96	4.345	0.590	72.429	9.835	
4	2	UD	27	24-05-2007	5004	1.79	92.51	7.49	4.629	0.375	82.734	6.698	
4	2	UD	18	03-07-2007	3680	2.25	87.79	12.21	3.231	0.449	72.848	10.134	
4	2	UD	27	03-07-2007	3224	2.48	78.68	21.32	2.536	0.687	62.861	17.032	
4	2	UD	18	07-08-2007	3590	3.05	28.03	71.97	1.006	2.584	30.652	78.702	
4	2	UD	27	07-08-2007	3704	3.09	22.57	77.43	0.836	2.868	25.859	88.701	
4	2	UD	18	16-10-2007	1801	3.46	46.60	52.09	0.839	0.938	29.059	32.482	
4	2	UD	27	16-10-2007	1648	3.74	49.36	50.64	0.813	0.834	30.440	31.234	
4	2	UD	18	27-05-2008	5658	2.50	45.39	54.61	2.568	3.090	64.116	77.152	
4	2	UD	27	27-05-2008	6318	2.43	54.49	45.51	3.443	2.875	83.652	69.870	
4	2	UD	18	08-07-2008	4036	3.01	43.00	57.00	1.736	2.301	52.174	69.155	
4	2	UD	27	08-07-2008	4129	3.02	49.22	50.78	2.033	2.097	61.456	63.404	
4	2	UD	18	19-08-2008	2870	3.56	16.44	75.61	0.472	2.170	16.788	77.218	
4	2	UD	27	19-08-2008	2849	3.62	21.75	77.05	0.620	2.196	22.447	79.519	
4	2	UD	18	14-10-2008	1435	3.99	43.49	46.69	0.624	0.670	24.907	26.742	
4	2	UD	27	14-10-2008	1622	4.01	41.41	55.08	0.672	0.893	26.903	35.790	
5	2	UD	18	24-05-2007	3972	1.62	80.04	19.96	3.179	0.793	51.652	12.878	
5	2	UD	27	24-05-2007	3912	1.87	63.76	36.24	2.494	1.418	46.751	26.576	
5	2	UD	18	03-07-2007	2890	2.66	34.58	65.42	0.999	1.891	26.542	50.218	
5	2	UD	27	03-07-2007	3184	2.66	27.50	72.50	0.875	2.308	23.250	61.309	
5	2	UD	18	07-08-2007	4042	2.94	15.03	84.97	0.608	3.435	17.862	100.988	
5	2	UD	27	07-08-2007	4227	3.35	20.44	79.56	0.864	3.363	28.906	112.534	
5	2	UD	18	16-10-2007	1348	3.66	40.10	59.90	0.540	0.807	19.759	29.519	
5	2	UD	27	16-10-2007	1320	3.95	44.24	55.76	0.584	0.736	23.052	29.048	
5	2	UD	18	27-05-2008	5574	2.72	53.79	46.21	2.998	2.576	81.412	69.935	
5	2	UD	27	27-05-2008	5674	2.53	47.76	52.24	2.710	2.964	68.603	75.042	
5	2	UD	18	08-07-2008	3927	3.12	16.73	83.27	0.657	3.270	20.505	102.076	
5	2	UD	27	08-07-2008	3956	3.05	22.74	77.26	0.899	3.056	27.475	93.347	
5	2	UD	18	19-08-2008	2908	3.73	8.05	91.43	0.234	2.659	8.730	99.128	
5	2	UD	27	19-08-2008	2983	3.44	14.57	83.97	0.435	2.504	14.971	86.269	
5	2	UD	18	14-10-2008	1232	3.84	30.83	62.26	0.380	0.767	14.573	29.434	
5	2	UD	27	14-10-2008	1444	3.93	49.24	49.28	0.711	0.712	27.943	27.968	
4	3	IND	45	26-05-2008	6128	1.95	76.49	23.51	4.687	1.441	91.337	28.079	
4	3	IND	47	26-05-2008	6432	2.21	64.91	35.09	4.175	2.257	92.109	49.791	
4	3	IND	45	08-07-2008	4332	2.50	56.43	43.60	2.445	1.889	61.039	47.158	
4	3	IND	47	08-07-2008	4413	2.88	51.03	48.97	2.252	2.161	64.852	62.225	
4	3	IND	45	21-08-2008	3384	3.46	18.13	81.87	0.614	2.770	21.200	95.731	
4	3	IND	47	21-08-2008	3459	3.32	22.47	76.78	0.777	2.656	25.807	88.193	
4	3	IND	45	14-10-2008	1668	3.61	59.15	40.43	0.987	0.675	35.667	24.381	
4	3	IND	47	14-10-2008	1763	3.57	54.81	45.19	0.966	0.796	34.502	28.441	
4	3	IND	45	26-05-2009	5802	2.09	60.96	38.09	3.537	2.210	74.058	46.268	
4	3	IND	47	26-05-2009	5682	2.52	67.20	32.00	3.818	1.818	96.255	45.831	
4	3	IND	45	06-07-2009	3684	2.75	39.83	60.17	1.467	2.217	40.349	60.963	
4	3	IND	47	06-07-2009	3964	2.75	36.72	63.28	1.456	2.508	40.028	68.974	
4	3	IND	45	19-08-2009	2373	3.41	21.78	77.90	0.517	1.848	17.605	62.962	
4	3	IND	47	19-08-2009	2432	3.30	24.75	73.51	0.602	1.788	19.874	59.035	
4	3	IND	45	20-10-2009	1409	3.51	60.62	38.58	0.854	0.543	29.976	19.074	
4	3	IND	47	20-10-2009	1265	3.49	59.00	35.21	0.747	0.446	26.056	15.548	
4	3	IND	45	08-06-2010	5464	NA	64.23	34.22	3.509	1.870	NA	NA	
4	3	IND	47	08-06-2010	4693	NA	69.34	26.63	3.254	1.250	NA	NA	
4	3	IND	45	14-07-2010	2164	NA	37.61	57.31	0.814	1.240	NA	NA	
4	3	IND	47	14-07-2010	2739	NA	41.65	47.63	1.141	1.304	NA	NA	
4	3	IND	45	26-08-2010	1951	NA	27.15	58.90	0.530	1.149	NA	NA	
4	3	IND	47	26-08-2010	1979	NA	38.69	45.98	0.766	0.910	NA	NA	
4	3	IND	45	12-10-2010	1137	NA	44.56	45.81	0.507	0.521	NA	NA	
4	3	IND	47	12-10-2010	1146	NA	44.18	43.45	0.506	0.498	NA	NA	
5	3	IND	45	26-05-2008	4965	2.20	40.88	59.12	2.030	2.935	44.619	64.529	
5	3	IND	47	26-05-2008	5881	2.31	44.91	54.65	2.641	3.214	60.949	74.163	
5	3	IND	45	08-07-2008	3902	2.77	19.74	80.26	0.770	3.132	21.373	86.910	
5	3	IND	47	08-07-2008	3961	3.02	18.09	81.91	0.716	3.244	21.643	98.011	
5	3	IND	45	21-08-2008	3540	3.18	7.52	92.39	0.266	3.270	8.465	103.948	
5	3	IND	47	21-08-2008	3402	3.35	3.76	96.24	0.128	3.274	4.282	109.597	
5	3	IND	45	14-10-2008	1291	4.00	47.49	52.51	0.613	0.678	24.515	27.104	
5	3	IND	47	14-10-2008	1247	3.97	45.53	54.47	0.568	0.679	22.525	26.945	
5	3	IND	45	26-05-2009	5531	2.45	38.85	60.94	2.149	3.371	52.598	82.511	
5	3	IND	47	26-05-2009	5751	2.42	25.82	74.18	1.485	4.266	35.884	103.087	
5	3	IND	45	06-07-2009	3637	3.04	13.60	85.91	0.494	3.124	15.040	95.027	
5	3	IND	47	06-07-2009	3534	3.00	11.27	88.73	0.398	3.136	11.949	94.075	
5	3	IND	45	19-08-2009	2210	3.56	13.86	86.14	0.306	1.904	10.915	67.822	
5	3	IND	47	19-08-2009	2185	3.45	17.23	82.77	0.376	1.808	12.978	62.346	
5	3	IND	45	20-10-2009	1308	3.67	60.52	39.48	0.792	0.517	29.037	18.940	
5	3	IND	47	20-10-2009	1078	3.45	50.94	45.69	0.549	0.492	18.933	16.981	
5	3	IND	45	08-06-2010	3989	NA	71.37	25.22	2.847	1.006	NA	NA	
5	3	IND	47	08-06-2010	4288	NA	64.62	29.35	2.771	1.258	NA	NA	
5	3	IND	45	14-07-2010	2059	NA	30.54	66.56	0.629	1.370	NA	NA	
5	3	IND	47	14-07-2010	2390	NA	31.13	65.11	0.744	1.556	NA	NA	
5	3	IND	45	26-08-2010	1931	NA	21.62	68.21	0.418	1.317	NA	NA	
5	3	IND	47	26-08-2010	1912	NA	30.74	59.57	0.588	1.139	NA	NA	
5	3	IND	45	12-10-2010	906	NA	52.75	40.23	0.478	0.365	NA	NA	
5	3	IND	47	12-10-2010	963	NA	47.22	41.61	0.455	0.401	NA	NA	
4	3	UD	34	27-05-2008	6235	2.12	60.85	39.15	3.794	2.441	80.277	51.643	
4	3	UD	36	27-05-2008	6646	2.04	68.79	31.21	4.572	2.074	93.261	42.317	
4	3	UD	34	08-07-2008	4288	2.83	66.94	33.06	2.870	1.418	81.237	40.121	
4	3	UD	36	08-07-2008	4607	2.54	55.97	44.03	2.579	2.029	65.582	51.597	
4	3	UD	34	19-08-2008	3216	3.21	19.30	80.70	0.620	2.595	19.925	83.333	
4	3	UD	36	19-08-2008	3164	3.30	20.82	79.18	0.659	2.505	21.709	82.569	
4	3	UD	34	14-10-2008	1470	4.04	45.12	52.98	0.663	0.779	26.787	31.454	
4	3	UD	36	14-10-2008	1757	3.47	58.87	40.85	1.034	0.718	35.873	24.892	
4	3	UD	34	19-05-2009	5828	2.23	64.80	33.74	3.777	1.966	84.224	43.854	
4	3	UD	36	19-05-2009	5947	2.28	62.90	37.10	3.741	2.206	85.302	50.308	
4	3	UD	34	06-07-2009	3765	2.76	48.81	49.63	1.838	1.868	50.670	51.520	
4	3	UD	36	06-07-2009	3614	2.62	50.91	48.61	1.840	1.757	48.282	46.097	
4	3	UD	34	14-08-2009	2775	3.26	23.36	74.62	0.648	2.071	21.170	67.615	
4	3	UD	36	14-08-2009	2710	3.36	33.22	65.13	0.900	1.765	30.262	59.330	
4	3	UD	34	21-10-2009	1309	3.58	58.61	37.83	0.767	0.495	27.445	17.713	
4	3	UD	36	21-10-2009	1483	3.81	61.29	29.81	0.909	0.442	34.621	16.837	
5	3	UD	34	27-05-2008	5272	2.48	55.60	44.40	2.931	2.341	72.623	57.984	
5	3	UD	36	27-05-2008	5868	2.52	31.12	68.88	1.826	4.042	46.042	101.920	
5	3	UD	34	08-07-2008	3975	3.02	32.04	67.96	1.273	2.701	38.417	81.491	
5	3	UD	36	08-07-2008	4132	2.98	24.87	75.13	1.027	3.105	30.601	92.465	
5	3	UD	34	19-08-2008	3245	3.45	6.38	93.62	0.207	3.038	7.145	104.835	
5	3	UD	36	19-08-2008	3509	3.05	7.60	92.40	0.267	3.243	8.135	98.964	
5	3	UD	34	14-10-2008	1364	3.77	47.07	52.06	0.642	0.710	24.234	26.799	
5	3	UD	36	14-10-2008	1278	3.78	39.78	58.99	0.508	0.754	19.196	28.462	
5	3	UD	34	19-05-2009	4562	2.61	42.20	56.39	1.925	2.573	50.257	67.162	
5	3	UD	36	19-05-2009	4706	2.41	46.14	53.40	2.172	2.513	52.361	60.591	
5	3	UD	34	06-07-2009	3649	2.79	23.12	76.88	0.844	2.805	23.535	78.250	
5	3	UD	36	06-07-2009	3769	2.86	20.01	79.99	0.754	3.015	21.572	86.217	
5	3	UD	34	14-08-2009	2571	3.28	10.09	88.61	0.259	2.278	8.510	74.761	
5	3	UD	36	14-08-2009	2707	3.55	22.08	77.92	0.598	2.109	21.244	74.948	
5	3	UD	34	21-10-2009	1227	3.40	60.27	37.94	0.740	0.466	25.165	15.843	
5	3	UD	36	21-10-2009	1267	3.52	63.80	32.66	0.808	0.414	28.445	14.562	
