[ 3.9 80.   1.8 50. ] 62.73118713589989
[ 4.095 80.     1.8   50.   ] 62.73564589658109
[ 3.9 84.   1.8 50. ] 62.74728672785805
[ 3.9  80.    1.89 50.  ] 63.998536181141915
[ 3.9 80.   1.8 52.5] 62.751188257384
[ 3.9975 82.      1.71   51.25  ] 61.18055536402457
[ 4.04625 83.       1.62    51.875  ] 59.925390436055395
[ 4.070625 83.5       1.71     48.4375  ] 60.787299641068735
[ 4.1559375 79.25       1.665     50.15625  ] 60.30288875166917
[ 3.99140625 82.875       1.5975     50.234375  ] 59.64699078282115
[ 3.93960937 84.3125      1.49625    50.3515625 ] 58.58173175756117
[ 4.20621094 85.03125     1.445625   50.41015625] 57.468604128526536
[ 4.35931641 87.546875    1.2684375  50.61523438] 56.39830532013485
[ 4.17993164 83.5546875   1.31484375 53.06152344] 57.07077871426256
[ 4.10661621 89.95703125  1.18476562 52.79541016] 56.48800943611001
[ 4.24648682 89.68554688  1.01214844 51.53686523] 54.24727111147572
[ 4.34660522 93.02832031  0.70822266 51.36779785] 52.178745757586235
[ 4.55662537 92.73095703  0.74188477 53.56842041] 51.592352638675976
[ 4.86513336 96.94018555  0.36470215 55.17684937] 63.5833604629125
[ 4.50464996 98.0769043   0.63681152 51.11190796] 53.7197116213872
[ 4.77698227 95.73449707  0.4929126  50.53627014] 58.6845608517024
[ 4.27420773 91.40139771  1.01180237 52.23062515] 54.22186814029494
[  4.48172773 100.07191467   0.28092316  53.52414131] 65.9211490155214
[ 4.38991924 90.67813492  1.02155891 51.34246111] 54.37497989219039
[ 4.4511249  96.94065475  0.52780174 52.79691458] 57.29781044511979
[ 4.40522065 92.24376488  0.89811962 51.70607448] 52.587873118925316
[ 4.63234288 96.63857555  0.48071692 51.6464752 ] 59.05885516822168
[ 4.36374151 92.71069217  0.879031   52.08458766] 52.28513707551759
[ 4.33144642 87.2799629   0.9768175  53.25153224] 53.534982495995564
[ 4.3747473  89.97919825  0.89181601 52.71662617] 52.22764921501032
[ 4.41563905 91.980819    0.7123576  53.16264157] 52.13966202618862
[ 4.48306696 91.14895513  0.64810951 53.32315534] 53.439811884064625
[ 4.39357287 92.32025791  0.82130063 52.39422958] 51.614253113630326
[ 4.48147395 95.05097888  0.60006682 52.52991854] 54.80679109713113
[ 4.40142897 91.24714341  0.81887871 52.66994926] 51.59149596394997
[ 4.5370279  91.11126836  0.83898819 54.52982256] 51.674734778575
[ 4.52868851 91.72399435  0.89816855 53.41856934] 52.178724974692926
[ 4.44390141 91.91661284  0.75881034 53.22662351] 51.46556589723174
[ 4.36073641 92.99621723  0.73144903 51.39978882] 51.79461370259368
[ 4.49295503 91.58250558  0.8121034  53.74731413] 51.48705747523827
[ 4.55388251 91.41835152  0.74453798 54.21192407] 51.56340904965708
[ 4.38945859 90.35134964  0.82528045 53.35948508] 51.636758593197875
[ 4.51483367 92.13605518  0.76273369 53.51618658] 51.46657734132093
[ 4.60135735 92.27961915  0.72021399 54.68107488] 51.9737363414668
[ 4.45141106 91.50526234  0.79421253 53.17273067] 51.441359147616204
[ 4.39766808 92.15186645  0.819392   52.61950337] 51.6012587538628
[ 4.5148289  91.60173025  0.76325148 53.8138189 ] 51.46564453007414
[ 4.4695325  91.99732473  0.72740061 53.1173657 ] 51.879661533521926
[ 4.4870994  91.68621037  0.7909277  53.58982702] 51.42132123550597
[ 4.43378671 91.21885272  0.79086734 53.38531347] 51.35401695345208
[ 4.39326323 90.76025148  0.80493417 53.31987692] 51.504111803927245
[ 4.39327039 91.56173888  0.80415747 52.87342844] 51.51062097265167
[ 4.48443927 91.59173241  0.77347798 53.57872128] 51.43266226025816
[ 4.48446681 91.08441608  0.81593244 53.63667271] 51.51160162220894
[ 4.45404276 91.70856365  0.77309086 53.32913581] 51.445313557213126
[ 4.47432546 91.29246527  0.80165192 53.53416041] 51.43493260133086
[ 4.48841436 91.38936804  0.78424994 53.87128042] 51.415468657754644
[ 4.47254441 91.6506165   0.76810957 53.67841069] 51.47153615502093
[ 4.4738802  91.38200308  0.79326633 53.57022298] 51.42308307178258
[ 4.45715106 91.24648469  0.80617768 53.62960067] 51.47807267369347
[ 4.47761722 91.50542048  0.7816529  53.59144113] 51.41734748657839
[ 4.46957865 91.51792272  0.78058262 53.64870804] 51.430687464944434
[ 4.47280481 91.41598299  0.7900954  53.58984425] 51.429558562984354
[ 4.46110054 91.30411038  0.78755864 53.62829695] 51.42723669736769
[ 4.45570197 91.3621366   0.78626012 53.4883773 ] 51.42812229685588
[ 4.46044306 91.45253154  0.79089752 53.48757025] 51.435538299138926
[ 4.45383346 91.3004279   0.79206683 53.47776823] 51.43678972220059
