[3.9 1.8] 31.679659840941248
[4.095 1.8  ] 30.865388203227397
[3.9  1.89] 32.07785835134729
[4.095 1.71 ] 30.59253235191091
[4.1925 1.62  ] 30.986745689005165
[4.29 1.71] 30.77223962435465
[4.29 1.62] 30.93723977228074
[4.14375 1.755  ] 31.21816386251828
[4.1925 1.71  ] 31.308562952846174
[4.095 1.755] 30.73168570066705
[3.9975 1.755 ] 30.989687839934543
[4.04625 1.74375] 31.174837845315068
[4.095  1.7325] 30.673427799058956
[4.14375 1.71   ] 31.23396993020144
[4.04625 1.7325 ] 31.11688131467099
[4.070625 1.726875] 31.056119498671094
[4.119375 1.715625] 30.70309834434221
[4.1071875 1.7184375] 30.61916443215688
[4.1071875 1.6959375] 30.660206567066425
[4.10414062 1.70507812] 30.60549201578354
[4.09195312 1.69664062] 30.59292960961801
[4.0828125 1.7015625] 30.94552206277134
[4.09880859 1.70419922] 30.562023477017863
[4.10185547 1.71755859] 30.609203631360373
[4.09442871 1.70187012] 30.56574742440477
[4.0982373  1.69606934] 30.616068501148597
[4.09580933 1.70651733] 30.58261890704548
[4.09742798 1.699552  ] 30.600346756383455
[4.09621399 1.704776  ] 30.585115499713986
[4.09661865 1.70303467] 30.579555723507408
[4.09730896 1.70535828] 30.58672533849193
[4.09811829 1.70187561] 30.576765667569816
[4.10030823 1.70304016] 30.58405988269898
[4.09754105 1.70303604] 30.56997074422942
[4.09823135 1.70535965] 30.57239947784863
[4.09820309 1.70448864] 30.583448971802223
[4.09817482 1.70361763] 30.563825302468523
[4.09846344 1.70303741] 30.560877329547438
[4.09909721 1.703619  ] 30.5705803688546
[4.09840542 1.70361797] 30.56640549395362
[4.09863602 1.70361832] 30.563206579967428
[4.09831913 1.70332752] 30.58225881780765
[4.09878033 1.70332821] 30.56254778091676
[4.09860775 1.70274731] 30.568263800216396
[4.09862895 1.70340056] 30.567724915311864
