[0.12 0.18 0.12 0.18 2.   2.  ] 54.735587405353
[0.12 0.18 0.12 0.18 2.   2.  ] 54.735587405353
[0.126 0.18  0.12  0.18  2.    2.   ] 54.735587405353
[0.12  0.189 0.12  0.18  2.    2.   ] 54.735587405353
[0.12  0.18  0.126 0.18  2.    2.   ] 54.735587405353
[0.12  0.18  0.12  0.189 2.    2.   ] 54.735587405353
[0.12 0.18 0.12 0.18 2.1  2.  ] 54.735587405353
[0.12 0.18 0.12 0.18 2.   2.1 ] 53.67679258174199
[0.122      0.183      0.122      0.183      1.9        2.03333333] 54.46743083370586
[0.12266667 0.184      0.12266667 0.172      1.96666667 2.04444444] 54.260675128525314
[0.12355556 0.18533333 0.11555556 0.17833333 1.95555556 2.05925926] 54.085486127255464
[0.12474074 0.17511111 0.12007407 0.17777778 1.94074074 2.07901235] 53.87863490728461
[0.11832099 0.18248148 0.12009877 0.17703704 1.92098765 2.10534979] 53.61803402907406
[0.11448148 0.18372222 0.12014815 0.17555556 1.88148148 2.15802469] 53.18660419617701
[0.12248148 0.18372222 0.12014815 0.17555556 1.88148148 2.15802469] 53.18660419617701
[0.12064198 0.18096296 0.11753086 0.17007407 1.97530864 2.16625514] 53.12571959583144
[0.11996296 0.17994444 0.1152963  0.16361111 2.01296296 2.23271605] 52.74239910897472
[0.11907407 0.17861111 0.11440741 0.17827778 1.92407407 2.21790123] 52.80597021983232
[0.11669136 0.17503704 0.1211358  0.17192593 1.92469136 2.25596708] 52.62352038223069
[0.11325926 0.16988889 0.12392593 0.16872222 1.90925926 2.35432099] 52.14932961872307
[0.11167901 0.18351852 0.11790123 0.16946296 1.92901235 2.32798354] 52.265635106268576
[0.11364609 0.17980247 0.11727572 0.1637284  1.84609053 2.3829904 ] 52.05823420001876
[0.11046914 0.1797037  0.11591358 0.15559259 1.7691358  2.5244856 ] 51.69190529488783
[0.10716049 0.17474074 0.11571605 0.16151852 1.92716049 2.44711934] 51.82875740639041
[0.11272016 0.17174691 0.11423868 0.15683951 1.94238683 2.54348422] 51.677121203259944
[0.11183951 0.16575926 0.11128395 0.14748148 1.97283951 2.73621399] 51.788116257783834
[0.1060096  0.17456996 0.11992318 0.14697119 1.90589849 2.59213535] 51.69041374231788
[0.10046959 0.17144513 0.12057659 0.15609122 1.78132144 2.69712696] 51.717209595577565
[0.10501707 0.16384659 0.11886344 0.14578212 1.81604176 2.72490728] 51.758242069520975
[0.10068943 0.17546212 0.11115125 0.13887616 1.80472235 2.8220986 ] 51.994214341676454
[0.10383189 0.17406882 0.11434492 0.14633768 1.83085658 2.70515419] 51.71931704485843
[0.10567866 0.1703863  0.11890408 0.14101959 1.75471981 2.81531186] nan
