[ 3.5 90.   3.  50. ] 33.73766373584397[ 3.675 90.     3.    50.   ] 36.18249081554799[ 3.5 94.5  3.  50. ] nan[ 3.5 90.   3.  50. ] 33.73766373584397
[ 3.675 90.     3.    50.   ] 36.18249081554799
[ 3.5 94.5  3.  50. ] 33.67849435276595
[ 3.5  90.    3.15 50.  ] 33.37852383865355
[ 3.5 90.   3.  52.5] 33.6294504543998
[ 3.325 92.25   3.075 51.25 ] 34.05878092202918
[ 3.4125  91.6875   3.05625 50.9375 ] 33.85160909801322
[ 3.5875  90.5625   3.01875 50.3125 ] 34.98240577966557
[ 3.45625  91.40625   3.046875 50.78125 ] 33.82329293055726
[ 3.54375  90.84375   3.028125 50.46875 ] 34.684283380968544
[ 3.478125  91.265625   3.0421875 50.703125 ] 33.565386569196555
[ 3.4890625  92.8828125   3.09609375 51.6015625 ] 33.515263448314684
[ 3.48359375 87.57421875  3.14414063 52.40234375] 33.5442676093797
[ 3.47539063 90.86132812  3.21621094 49.85351562] 34.96915506821232
[ 3.49384766 90.21533203  3.05405273 51.83837891] 33.56786285408775
[ 3.48154297 90.64599609  3.1621582  50.51513672] 33.638120734452976
[ 3.49077148 90.32299805  3.0810791  51.50756836] 33.50698262740667
[ 3.50358887 89.12438965  3.19346924 52.0526123 ] 34.67783225032459
[ 3.48449097 90.73031616  3.08000793 51.04049683] 33.57357124884153
[ 3.49538574 90.16149902  3.11553955 50.75378418] 33.42910071611344
[ 3.49453125 91.44140625  3.12304688 50.80078125] 33.52795773203316
[ 3.49179687 88.78710938  3.14707031 51.20117188] 33.482660574178986
[ 3.4890625  90.6328125   3.09609375 50.3515625 ] 33.47729789951661
[ 3.49359131 88.3493042   3.13130493 50.35247803] 33.38634635430787
[ 3.4972229  90.78469849  3.0993988  49.52774048] 33.38779884523997
[ 3.50403748 89.01493835  3.15202789 49.96543884] 33.32790972598433
[ 3.51152496 88.20600128  3.17999496 49.77237701] 33.8214589249062
[ 3.5020401  88.9129715   3.15082626 49.16904449] 33.34196389727269
[ 3.5 90.   1.8 50. ] 27.569628391208422
[ 3.675 90.     1.8   50.   ] 26.989105063362928
[ 3.5 94.5  1.8 50. ] 27.574564937213573
[ 3.9 90.   1.8 50. ] 25.675979587690325
[ 4.095 90.     1.8   50.   ] 24.49277468860627
[ 3.9 94.5  1.8 50. ] 25.683565380052343
[ 3.9  90.    1.89 50.  ] 27.12423377940683
[ 3.9 90.   1.8 52.5] 25.738089429243825
[ 3.9975 92.25    1.71   51.25  ] 23.864618076352443
[ 4.04625 93.375    1.62    51.875  ] 22.78215488008926
[ 4.070625 93.9375    1.71     48.4375  ] 23.60742685776377
[ 4.1559375 89.15625    1.665     50.15625  ] 23.58690979955157
[ 4.28390625 93.234375    1.5975     50.234375  ] 22.707118392287327
[ 4.47585937 94.8515625   1.49625    50.3515625 ] 21.960074193803575
[ 4.27933594 95.66015625  1.445625   50.41015625] 21.842790043366083
[ 4.37150391 98.49023438  1.2684375  50.61523438] 22.141134664704367
[ 4.40806641 92.58398438  1.4034375  52.95898438] 21.475948724946456
[ 4.57678711 91.90722656  1.25015625 55.21972656] 22.31353990196588
[ 4.44881836 99.07910156  1.31765625 52.64160156] 21.35557417727738
[  4.59525879 104.04052734   1.14398437  53.88427734] 22.779670936908666
[ 4.75979004 97.71240234  1.21148437 51.30615234] 22.573297011576173
[ 4.58140503 96.62805176  1.31361328 51.44836426] 22.05169663292963
[ 4.22463501 94.45935059  1.51787109 51.73278809] 22.188528901673422
[ 4.49221252 96.08587646  1.36467773 51.51947021] 21.01838988359396
[ 4.33835724 96.85299683  1.26944824 53.4135437 ] 21.906890342202427
[ 4.37273277 96.35263824  1.32614868 52.6480484 ] 21.142608729359395
[ 4.58157909 96.39064407  1.26033508 54.47389603] 22.29768598541066
[ 4.35489673 95.84277821  1.39930252 51.42609119] 21.507659803523858
[ 4.5060183  96.20802212  1.30665756 53.45796108] 21.887041696061786
[ 4.39267712 95.93408918  1.37614128 51.93405867] 21.075207051822176
[  4.44515398 101.14186835   1.28887447  51.41260505] 22.02958014478462
[ 4.4173383  94.72345537  1.37479674 52.57238954] 21.044597574832988
[ 4.388662   92.46892807  1.40322597 51.69538185] 21.50317390896506
[ 4.43377927 97.42655819  1.33904868 52.40504663] 21.114970375793988
[ 4.49527083 95.73235136  1.40118354 51.56743413] 21.086498846909866
[ 4.46497012 93.811328    1.41935097 51.39162964] 21.510742245950134
[ 4.44157698 96.52275064  1.35912425 52.15169239] 21.015979210971185
[ 4.37663163 95.90073447  1.33618647 52.52137128] 21.084660688015227
[ 4.40629143 95.85863869  1.35243574 52.28288699] 21.023021330082884
[ 4.4860325  95.6612714   1.34937595 52.3291609 ] 21.113202775795656
[ 4.41601597 95.86588474  1.36944995 52.03283422] 21.02239059416551
[ 4.46071015 97.4431199   1.34804709 51.42105236] 21.08680103302089
[ 4.42818126 95.4033715   1.36810933 52.28455525] 20.991370000624286
[ 4.48270194 96.08030298  1.3782449  51.71138905] 20.99363742022766
[ 4.50632039 96.18026606  1.36562816 51.80071922] 21.04065444084781
[ 4.43859207 95.94448007  1.3684945  51.97480547] 20.988490223917413
[ 4.4033136  95.88957613  1.37230876 52.54175086] 21.04215862701364
[ 4.46998779 96.03680138  1.36658549 51.77504038] 21.015173774817708
[ 4.46815455 95.20972732  1.38159286 51.72120269] 21.026416837130057
[ 4.44822137 96.19449481  1.3647414  52.04406996] 20.998677571286077
[ 4.42886053 95.7745233   1.37320958 52.23236949] 21.024721805561
[ 4.45970598 95.97123186  1.36824151 51.88937266] 20.992382599905685
[ 4.45636925 95.50519839  1.37680372 51.88599125] 21.022529192415295
[ 4.45025834 96.02217071  1.36775698 52.00455028] 20.99085183049226
[ 4.40566689 95.59032409  1.35805626 52.36525278] 21.0054985042637
[ 4.46344318 95.95780826  1.37319774 51.87485498] 20.99299801008063
[ 4.42492565 95.71281881  1.36310342 52.20178685] 21.001546533910613
[ 4.45381379 95.8965609   1.37067416 51.95658795] 20.987010330405113
[ 4.42571676 95.66205973  1.36927598 52.22087682] 21.005011048207255
[ 4.45120867 95.89393883  1.36850013 51.9722487 ] 20.986907051826304
[ 4.46875518 96.47520375  1.36960355 51.66954095] 20.99354993980599
[ 4.43832474 95.67132956  1.36848289 52.13080167] 20.985946224847545
[ 4.4407113  95.68098397  1.37031886 52.01267161] 20.9847335648532
[ 4.43593777 95.5103906   1.37159979 52.01673228] 20.983539945203894
[ 4.45105042 95.54162988  1.37113398 52.06337982] 20.995666245527573
[ 4.44170666 95.84376752  1.36915437 51.99694906] 20.98780571660949
[ 4.44793583 95.64234242  1.37047411 52.04123624] 20.99740802323285
[ 4.44326395 95.79341125  1.36948431 52.00802086] 20.98617755674084
[ 4.43055378 95.53797422  1.3683594  52.1073138 ] 21.00298252329299
[ 4.44799879 95.80691423  1.37009547 51.99426941] 20.98739844812307
[ 4.43713126 95.59086008  1.37004134 52.07376698] 20.986268612639606
[ 4.43960086 95.65190092  1.37054205 52.01237657] 20.99606332278917
[ 4.44357322 95.70216471  1.37004996 51.99449049] 20.987128998474404
[ 4.44487578 95.70347575  1.37113698 51.98666011] 20.989141605253863
[ 4.44115816 95.60154465  1.37087199 52.02344836] 20.99011624360744
[ 4.44076883 95.61413372  1.3707895  52.02068041] 20.989927914814498
[ 4.43999019 95.63931185  1.37062453 52.01514452] 20.98260148537169
[ 4.43960086 95.65190092  1.37054205 52.01237657] 20.984016210099732
[ 4.43344044 95.51788788  1.37002084 52.06340702] 20.98491887370219
[ 4.4296766  95.42706049  1.37109329 52.09003491] 21.0161442759956
[ 4.44009907 95.63338866  1.37031079 52.01837659] 20.990070871693185
[ 4.43796398 95.57485123  1.37111216 52.0159384 ] 20.984489504155007
[ 4.43671531 95.57859987  1.37032269 52.03927577] 20.98404522075976
[ 4.43856072 95.61508597  1.37033294 52.04445575] 20.98687078402348
[ 4.4417817  95.67073828  1.37033725 52.0048175 ] 20.988129175770744
[ 4.43483339 95.53318617  1.37085891 52.05258971] 20.994539843975772
[ 4.44004463 95.63635026  1.37046766 52.01676055] 20.98968094139756
[ 4.43835275 95.60895586  1.37047361 52.02721014] 20.994785218443276
[ 4.43897708 95.60708154  1.37086835 52.01554146] 20.986003909749737
[ 4.43927545 95.62719891  1.37047874 52.02980013] 20.98785264453961
[ 4.44088595 95.65502507  1.37048089 52.00998101] 20.985172156609103
[ 4.44121159 95.65535283  1.37075264 52.00802341] 20.994622737982
[ 4.44049688 95.64375359  1.37068289 52.0128201 ] 20.993442104235577
[ 4.43906746 95.6205551   1.37054337 52.02241346] 20.98370499549459
[ 4.44018488 95.63378787  1.37077984 52.00174009] 20.982989838940508
[ 4.44108715 95.66725841  1.37034597 52.00909808] 20.995440569246686
[ 4.4395046  95.62212576  1.37073775 52.01393061] 20.99559478046889
[ 4.44008753 95.63654986  1.37070218 52.0084423 ] 20.98182197814163
[ 4.43952882 95.62993348  1.37058395 52.01877899] 20.98775202879196
[ 4.44043807 95.64716846  1.37055271 52.01256276] 20.98641952319294
[ 4.43948363 95.6231967   1.37074644 52.01534299] 21.00044683189754
[ 4.44053867 95.65328513  1.37048525 52.0121213 ] 20.99967503438556
[ 4.44027491 95.64576302  1.37055055 52.01292672] 20.99658392953259
[ 4.43974739 95.63071881  1.37068114 52.01453756] 20.98722473215495
[ 4.44060277 95.64694101  1.37069634 52.00656458] 20.98626484100133
[ 4.44081188 95.65426679  1.37060674 52.00681952] 20.988103085087175
[ 4.44001352 95.6366058   1.37066254 52.01260805] 20.986482145587466
[ 4.44054576 95.64837979  1.37062534 52.00874903] 20.990104927970528
[ 4.44014658 95.6395493   1.37065324 52.0116433 ] 20.98728755946116
[ 4.44003886 95.63793086  1.37066336 52.01179341] 20.98448515971057
[ 4.44034515 95.64174544  1.37069926 52.00750344] 20.997096708334034
[ 4.4402628  95.64185916  1.37062745 52.01050253] 20.986127058313052
[ 4.44005053 95.63657783  1.37068236 52.01052518] 21.001866766035764
[ 4.44031665 95.64246483  1.37066376 52.00859567] 20.983035718753218
[ 4.44000777 95.63765692  1.37062912 52.01216351] 20.996462343891984
[ 4.44009212 95.63867905  1.37064665 52.01099849] 20.99518996655286
[ 4.44026081 95.64072331  1.37068172 52.00866846] 20.995413193979097
[ 4.44013429 95.63919011  1.37065542 52.01041599] 20.9848591357284
[ 4.44002586 95.63620867  1.37071492 52.00912115] 20.997414366750867
[ 4.44020357 95.64044654  1.37064931 52.01015719] 20.99637325695707
[ 4.44020209 95.63950735  1.37068297 52.00851898] 20.99552465533087
[ 4.4400632  95.63724036  1.37068277 52.01011786] 20.986789075778916
[ 4.44011091 95.63786999  1.3706788  52.00942914] 20.986072095344905
[ 4.44017517 95.63920451  1.37066482 52.00947242] 20.995775859980945
[ 4.4400567  95.63637927  1.37070855 52.00878173] 20.985997275451687
[ 4.43995708 95.63451239  1.37070318 52.00986653] 20.987456828016562
[ 4.44001833 95.63576113  1.37069813 52.00952964] 21.00119027031729
[ 4.44007212 95.63646456  1.37070537 52.00861201] 20.986790138289827
[ 4.44009922 95.63720993  1.37069049 52.00893572] 20.981105011576883
[ 4.44007537 95.63689511  1.37069248 52.00928008] 20.988129203080376
[ 4.44014481 95.6380286   1.37069258 52.00848064] 20.98427928107014
[ 4.44012648 95.63723137  1.37070283 52.00795526] 20.98383459977168
[ 4.44015691 95.63804532  1.37068868 52.00829495] 20.98285058107541
[ 4.44009026 95.63648963  1.37069952 52.00833348] 20.98929538579866
[ 4.44013117 95.63764386  1.37069431 52.00844385] 20.98648136403891
[ 4.44009338 95.63687989  1.37069634 52.00868901] 20.98568495278885
[ 4.44012806 95.63762762  1.37068959 52.00861534] 20.987176802000445
[ 4.44011285 95.63722065  1.37069666 52.00844549] 21.00054506190793
[ 4.44012202 95.63761927  1.37069154 52.00870818] 20.9861677688716
[ 4.44010849 95.63744771  1.37068731 52.00902864] 20.986693507306263
[ 4.44008349 95.63695078  1.37069326 52.00906544] 20.98878116255476
[ 4.44011692 95.63745841  1.3706905  52.00872786] 20.997107765941116
[ 4.4400963  95.63704491  1.37069342 52.00881237] 20.999607810670476
[ 4.44011062 95.6374146   1.37069101 52.00882195] 20.983340747589338
[ 4.44010386 95.63732882  1.3706889  52.00898218] 20.99010737419498
[ 4.44011364 95.63741877  1.37069004 52.00877553] 20.98826548971585
[ 4.44011737 95.63764115  1.37068681 52.00894532] 21.000600887942127
[ 4.44010157 95.63719397  1.37069176 52.00884561] 20.99758734594722
[ 4.4401121  95.63749209  1.37068846 52.00891209] 20.986331458534288
[ 4.44011394 95.63743887  1.3706911  52.00874047] 20.986925662556104
[ 4.4401043  95.63735897  1.3706905  52.00892958] 20.98735657913532
[ 4.44010663 95.63737392  1.37069038 52.00889107] 20.998851203658198
[ 4.44010492 95.63731226  1.37069075 52.00887884] 20.995677560247106
[ 4.44010566 95.63735101  1.37068948 52.0089239 ] 20.981730877689387
[ 4.44010658 95.6373244   1.3706908  52.00883809] 20.98399698996426
[ 4.44010643 95.63731435  1.37069027 52.00885563] 20.985678906173536
[ 4.44010403 95.63728758  1.37068976 52.00889784] 20.99726125121193
[ 4.4401047  95.63730609  1.37069051 52.00888359] 20.99607477663909
[ 4.44010244 95.63728047  1.37068999 52.00892981] 20.995234342665967
[ 4.4401029  95.63726716  1.37069065 52.00888691] 20.984226009087756
[ 4.44010283 95.63726214  1.37069038 52.00889567] 20.995154714576188
[ 4.44010207 95.63726109  1.37069062 52.00890728] 20.989137934837686
[ 4.44010107 95.63721969  1.37069109 52.00888298] 20.98490654855396
[ 4.4400998  95.6372168   1.37069104 52.00891077] 20.987019696348092
[ 4.44009943 95.6371957   1.37069101 52.00890091] 20.989553735256656
[ 4.44010141 95.63724474  1.37069072 52.00890569] 20.988692875680737
[ 4.44010009 95.63721205  1.37069091 52.0089025 ] 20.98847993353343
[ 4.44010042 95.63722022  1.37069087 52.0089033 ] 20.999335627913496
[ 4.44010106 95.63723854  1.37069057 52.00891132] 20.99888354935927
[ 4.44010015 95.63721481  1.37069079 52.00890935] 20.982882063767185
[ 4.44009951 95.63721336  1.37069077 52.00892325] 20.986039185538583
[ 4.44010032 95.63722734  1.37069061 52.00892071] 20.984809882018332
[ 4.44009854 95.63719417  1.37069076 52.0089332 ] 20.983822158534647
[ 4.4400996  95.63720976  1.37069056 52.00892624] 21.000441608618893
[ 4.44009953 95.63721246  1.37069072 52.008924  ] 20.986804626814845
[ 4.44009968 95.63721237  1.37069064 52.00892254] 20.99641344387577
[ 4.44009888 95.63720205  1.37069063 52.00893446] 20.988472948804272
[ 4.44009977 95.63721863  1.37069055 52.00892821] 20.99919215699646
[ 4.44009937 95.63721164  1.37069063 52.00892949] 21.003732340444778
[ 4.44009941 95.63720984  1.37069052 52.00893098] 20.988321219367123
[ 4.44009883 95.63719846  1.37069059 52.00893364] 20.997172328296035
[ 4.44009906 95.6372035   1.37069058 52.00893228] 20.983946464956734
[ 4.4400986  95.63720029  1.37069047 52.00894419] 20.98599505193336
[ 4.44009927 95.63720973  1.37069041 52.00893713] 20.99007380737916
[ 4.44009898 95.63720397  1.37069057 52.00893513] 21.00024122248965
[ 4.44009914 95.63720672  1.37069054 52.008934  ] 20.998288841104
[ 4.44009891 95.63720511  1.37069048 52.00893995] 20.98597724035736
[ 4.44009932 95.63720988  1.37069051 52.00893335] 20.986682767794306
[ 4.44009905 95.63720599  1.37069056 52.00893509] 20.987717292246593
[ 4.44009911 95.63720874  1.37069048 52.00893806] 20.982372493795992
[ 4.44009923 95.63721084  1.37069043 52.00893845] 20.990205112504487
[ 4.4400991  95.6372072   1.37069053 52.00893593] 20.99669686329062
[ 4.44009917 95.63720933  1.37069049 52.00893689] 20.981558804303088
[ 4.44009907 95.63720752  1.37069049 52.00893784] 20.98126514237679
[ 4.44009927 95.6372099   1.3706905  52.00893454] 20.993379655043157
[ 4.44009914 95.63720796  1.37069053 52.00893541] 20.988952717157307
[ 4.44009903 95.63720746  1.3706905  52.00893839] 20.98824311927041
[ 4.4400991  95.63720916  1.37069046 52.00893902] 20.988217714038196
[ 4.44009925 95.63721051  1.37069047 52.00893634] 20.98819947256806
[ 4.44009925 95.63720948  1.37069051 52.00893438] 20.986206440142034
[ 4.4400991  95.63720762  1.37069052 52.00893608] 20.988568441944246
[ 4.44009921 95.63720979  1.37069048 52.00893628] 21.00190349469353
[ 4.44009915 95.63720872  1.37069049 52.00893678] 20.9832102368957
[ 4.44009919 95.63720963  1.37069049 52.00893631] 20.990237368757874
[ 4.44009924 95.6372097   1.3706905  52.00893505] 20.996596588177866
[ 4.44009924 95.63721022  1.37069048 52.00893603] 20.999445901101804
[ 4.44009916 95.63720877  1.37069051 52.0089359 ] 20.98284650261492
[ 4.44009913 95.63720882  1.37069049 52.0089373 ] 20.985909173824666
[ 4.44009913 95.63720849  1.3706905  52.00893655] 20.984670122149673
[ 4.44009921 95.63720913  1.37069051 52.00893517] 20.988355229931095
[ 4.44009915 95.6372089   1.37069049 52.00893677] 20.9962751316925
[ 4.44009919 95.63720935  1.3706905  52.00893581] 20.98502333543994
[ 4.44009918 95.63720932  1.37069049 52.00893625] 20.98906209141731
[ 4.44009918 95.63720921  1.3706905  52.00893613] 20.988355004646316
[ 4.44009917 95.63720937  1.37069049 52.00893651] 20.98763464338
[ 4.4400992  95.63720961  1.3706905  52.00893584] 20.98338328455904
[ 4.44009922 95.63720992  1.3706905  52.00893581] 20.983543156119634
[ 4.44009924 95.63721003  1.3706905  52.00893508] 21.000643526834892
[ 4.44009919 95.63720954  1.37069049 52.00893615] 20.996416713259695
[ 4.44009921 95.63720977  1.3706905  52.00893578] 20.985597222029725
[ 4.44009922 95.63720992  1.37069049 52.00893577] 20.984868739514344
[ 4.44009921 95.63720964  1.3706905  52.00893577] 20.985020304783973
[ 4.4400992  95.63720965  1.37069049 52.00893612] 21.000617822017524
[ 4.44009923 95.63720998  1.3706905  52.0089354 ] 20.984790715213634
[ 4.44009923 95.63720997  1.3706905  52.00893555] 20.98922592787615
[ 4.44009922 95.63720982  1.3706905  52.00893572] 20.99764698782497
[ 4.44009923 95.63720995  1.3706905  52.00893556] 20.995721120714226
[ 4.44009922 95.63720992  1.37069049 52.00893574] 20.994321628595884
[ 4.44009921 95.63720978  1.3706905  52.00893575] 20.998622240552177
[ 4.44009922 95.63720985  1.37069049 52.00893575] 20.98265124711178
[ 4.44009923 95.63721004  1.37069049 52.00893565] 20.98743989610199
[ 4.44009922 95.63720992  1.37069049 52.00893587] 20.99996245495891
[ 4.44009922 95.63720994  1.3706905  52.00893564] 20.98861568838505
[ 4.44009923 95.63720995  1.37069049 52.00893564] 20.998623978727682
[ 4.44009922 95.63720993  1.37069049 52.00893572] 20.98746898693964
[ 4.44009922 95.63720993  1.37069049 52.00893578] 20.987519891659772
[ 4.44009922 95.63720993  1.37069049 52.00893574] 20.999179414561294
[ 4.44009922 95.63720989  1.37069049 52.00893574] 20.983523024585555
[ 4.44009923 95.63720998  1.37069049 52.00893568] 20.9829932150813
[ 4.44009922 95.63720993  1.37069049 52.00893572] 20.982032097854212
[ 4.44009922 95.63720993  1.37069049 52.00893568] 20.988535372642197
[ 4.44009922 95.63720993  1.37069049 52.00893575] 20.999299399124503
[ 4.44009922 95.63720993  1.37069049 52.0089357 ] 20.985765695986263
[ 4.44009922 95.63720993  1.37069049 52.00893573] 20.998533243818613
[ 4.44009922 95.63720993  1.37069049 52.00893571] 20.99929338996822
[ 4.44009922 95.63720993  1.37069049 52.00893572] 20.9861927762592
[ 4.44009922 95.63720995  1.37069049 52.0089357 ] 21.00006554431334
[ 4.44009922 95.63720991  1.37069049 52.00893573] 20.993500166035478
[ 4.44009922 95.63720993  1.37069049 52.00893571] 20.99916938214991
[ 4.44009922 95.63720989  1.37069049 52.00893574] 20.984905703318415
[ 4.44009922 95.63720989  1.37069049 52.00893575] 21.001863140055974
[ 4.44009922 95.63720992  1.37069049 52.00893572] 20.984857298527455
[ 4.44009922 95.63720993  1.37069049 52.00893572] 20.98821811112753
[ 4.44009922 95.63720992  1.37069049 52.00893572] 20.987234018802095
[ 4.44009922 95.63720991  1.37069049 52.00893573] 20.984245233570228
[ 4.44009922 95.6372099   1.37069049 52.00893573] 20.99851475734662
[ 4.44009922 95.63720992  1.37069049 52.00893572] 20.987616658203777
