[0.1  0.15 0.2 ] 56.3550670758468
[0.105 0.15  0.2  ] 56.449589803061535
[0.1    0.1575 0.2   ] 56.34442560417922
[0.1  0.15 0.21] 56.355372322844744
[0.095      0.155      0.20666667] 56.255739838462745
[0.09   0.1575 0.21  ] 56.15641453237853
[0.09333333 0.16       0.19666667] 56.209309022488966
[0.08888889 0.16666667 0.20444444] 55.85615057971903
[0.08333333 0.175      0.20666667] 55.708771054991274
[0.07777778 0.17083333 0.20888889] 55.556576926630726
[0.06666667 0.1775     0.21333333] 55.352937049745606
[0.06666667 0.18       0.22333333] 55.35331579218715
[0.05444444 0.1975     0.21888889] 55.33451590642947
[0.03666667 0.2175     0.22333333] 55.03161720816921
[0.03       0.20833333 0.23333333] 54.93847652499885
